304
State A
Si 8.434650393 1.116207667 8.815300115
Si 6.075325676 0.514332620 10.845914859
Si 5.572469668 1.274222146 0.369568068
Si 2.384313897 1.269323719 0.190547272
Si 1.378602336 0.525604155 10.810998467
Si 3.649715241 1.216316176 8.990172154
Si 8.466238208 16.418574076 9.017267564
Si 6.140625959 17.166204651 10.952653140
Si 5.400816357 16.587869112 0.516301747
Si 2.375694142 16.449287307 0.431234626
Si 1.428219850 17.325279176 10.969776895
Si 3.684684061 16.460399341 9.044294084
Si 1.547155850 18.825376792 2.093506305
Si 3.965889005 19.405341940 4.097798204
Si 4.386634953 18.756641045 6.996003219
Si 7.586294606 18.588051634 6.942101338
Si 8.628490089 19.324027308 4.220251871
Si 6.409472174 18.778105729 2.327132263
Si 1.568939472 3.389542224 2.347932011
Si 3.965968874 2.748844570 4.314645822
Si 4.586341158 3.401773182 7.214329949
Si 7.607947960 3.425916048 7.061926897
Si 8.646489200 2.474208558 4.282585322
Si 11.500187771 11.090770846 4.582621101
Si 13.922961567 10.471881943 2.609872147
Si 14.418081515 11.179857102 13.056869926
Si 17.620711372 11.291707954 13.193174083
Si 18.667493656 10.389176313 2.539003684
Si 16.423653780 11.146966634 4.386001955
Si 11.559927708 6.415045401 4.452970997
Si 13.836959325 7.245801730 2.459287073
Si 14.567562228 6.541312374 12.924287351
Si 17.624299845 6.628275794 12.995177527
Si 18.671931115 7.289793907 2.420866958
Si 16.318007348 6.520990433 4.307476534
Si 18.399758511 8.936406626 11.257398810
Si 15.980734796 9.391012772 9.264794061
Si 15.665037657 8.829562413 6.377325729
Si 11.295480296 9.470629126 9.362986063
Si 13.611553976 8.772568384 11.119736392
Si 18.471453442 13.368554105 11.160430314
Si 16.091023300 12.625265797 9.151979697
Si 12.350068083 13.363124104 6.254885196
Si 11.345218439 12.556883891 9.104555400
Si 13.665792876 13.428685478 10.999487360
Si 11.564477776 18.813165696 4.615062819
Si 13.933147048 19.322338828 2.546464204
Si 14.421002439 18.731331798 12.993462344
Si 17.634290514 18.608795029 13.116143179
Si 18.673156752 19.416805727 2.513225184
Si 16.392881636 18.722088179 4.313504903
Si 11.578927863 3.321775233 4.444944460
Si 13.938860422 2.653371484 2.421093452
Si 14.555359760 3.368620503 12.891109133
Si 18.638104865 2.641295561 2.543979808
Si 16.293697112 3.453976171 4.283218376
Si 18.490886050 1.124311367 11.226013142
Si 16.084738848 0.606669444 9.243772166
Si 15.566138806 1.177379393 6.313098719
Si 12.420930571 1.261846872 6.529427859
Si 11.352318847 0.538722486 9.262093308
Si 13.642616025 1.253363953 11.079983229
Si 18.534643682 16.489899709 11.045011637
Si 16.162317012 17.265946510 9.136679064
Si 15.452343129 16.592420161 6.185619746
Si 12.381351697 16.430227171 6.262577521
Si 11.374904512 17.313820846 9.105147518
Si 13.690819681 16.442913123 10.972410889
Si 8.355954026 8.805395885 8.766556903
Si 6.055045186 9.288291810 10.854465513
Si 5.529847210 8.954753339 0.356496387
Si 2.378323180 8.641188681 0.192030326
Si 1.297185047 9.422717788 10.848251210
Si 3.633301188 8.657478000 9.074708012
Si 8.472202023 13.355767189 8.844907493
Si 2.415306777 13.367426870 0.435195538
Si 1.367426147 12.546541755 10.999434550
Si 3.588623875 13.456368792 9.085127424
Si 1.583899633 11.076515827 2.118970017
Si 3.931178229 10.555694306 4.189014294
Si 4.435200900 11.094054745 7.142566108
Si 7.630877438 11.258990359 6.830207762
Si 8.647653362 10.420998154 4.070726065
Si 6.342250506 11.231128141 2.362150730
Si 1.592752452 6.479896825 2.304267279
Si 3.925226455 7.306870791 4.281242978
Si 4.518044192 6.535885863 7.203363400
Si 7.545817770 6.500282227 7.052671106
Si 8.680004877 7.401813792 4.324861528
Si 6.397729760 6.726942847 2.473558746
Si 17.631107794 3.287404789 13.064056026
Si 6.235364409 12.534474930 11.001693525
O 7.231597255 1.106014864 9.892647922
O 6.300933413 1.184705788 12.295993641
O 3.975017378 1.008723696 0.253513571
O 1.852115954 1.472159324 12.048327946
O 2.122520641 1.008815618 9.459243149
O 4.622407236 0.920564853 10.259962170
O 7.421886660 16.487898155 10.260262742
O 6.127127629 16.580639849 12.473042536
O 3.886453773 17.130470236 0.360560617
O 1.761278060 16.483109230 12.313748196
O 2.234883321 16.679299137 9.717352272
O 4.791522840 16.575802670 10.248860915
O 6.128304640 18.779951038 10.888813442
O 1.771809102 18.888229076 11.234032193
O 8.528235136 2.582197593 8.115528219
O 8.254691790 19.884622583 7.661852384
O 7.872236136 17.231085726 7.756927620
O 3.812019381 2.745430219 8.483691713
O 3.898276110 0.189619775 7.761438527
O 3.901083994 17.414883723 7.771006038
O 19.831561136 0.645879869 10.436873612
O 19.916131246 17.143290985 10.523693416
O 2.789541455 18.890713326 3.117369151
O 3.698892123 18.702336085 5.535024818
O 5.992787804 18.806112834 6.868592747
O 8.168919309 18.343921817 5.441962248
O 7.933968163 18.876153971 2.832528396
O 5.381071540 18.794714186 3.572454902
O 2.609465048 3.224478103 3.563531128
O 3.709855658 3.129357797 5.883710799
O 6.102328004 2.770934426 7.049258337
O 8.257200511 3.402350600 5.573035965
O 7.973068464 3.039114645 2.942277640
O 5.271559643 3.494449078 3.749833648
O 4.080479502 1.112600208 4.188417114
O 8.169701017 0.935988382 4.635956605
O 1.471810353 17.327667546 1.442988180
O 1.660415104 -0.010473283 0.877973214
O 1.957749365 2.598089793 0.989274108
O 6.304653885 17.318156246 1.611923403
O 6.119316799 19.911016181 1.241421041
O 5.926753470 2.684146447 0.990382417
O 10.196195472 19.161966067 3.834871386
O 10.265510797 2.478534370 4.009901257
O 12.786607774 11.056628640 3.578015499
O 13.727761558 11.148817521 1.139677598
O 16.031731607 11.067453660 13.039966576
O 18.080843575 11.333307923 1.353224924
O 17.903107295 10.682519143 3.921410817
O 15.403744171 10.864576853 3.132300510
O 12.605839010 6.537502398 3.211219647
O 13.724701449 6.811036780 0.893098880
O 16.097223149 7.172812824 13.038039370
O 18.261487802 6.446672390 1.072003138
O 17.785054413 6.810151370 3.672557232
O 15.223464034 6.726762643 3.117994554
O 13.802511530 8.856038162 2.505074534
O 18.443205305 8.847961435 2.047852848
O 11.393890719 12.612085808 5.174315480
O 11.578269292 10.038917588 5.795144789
O 12.054624152 7.095393075 5.800514963
O 16.389762440 12.695978756 4.815386874
O 16.131890933 10.230171259 5.703023833
O 16.128722892 7.468459730 5.605989537
O 0.199221625 10.685182765 2.862575110
O 0.172629417 7.012090626 2.863762769
O 17.058290751 8.850129664 10.357137762
O 16.400805560 8.744834108 7.847753332
O 14.089993795 8.928837757 6.520523105
O 12.050054051 8.469946846 8.205064228
O 12.052423948 9.025062990 10.718111108
O 14.472175662 8.850604657 9.718461795
O 17.331577940 13.082889905 10.079648643
O 16.316322529 13.174176444 7.677412232
O 13.815130135 12.713601767 6.332642716
O 11.678952029 13.367538018 7.752241953
O 12.223788213 13.081548884 10.357793479
O 14.742010622 13.263897848 9.809523672
O 15.938992064 10.997197348 9.206669971
O 11.599027906 10.957407215 8.838015284
O 18.540185628 7.457862125 11.960237904
O 18.349671318 10.056875656 12.419620996
O 18.072420083 12.717701455 12.587787477
O 13.806204387 7.271245298 11.687506564
O 13.995291723 9.853339701 12.225930139
O 13.909407069 12.519292327 12.315233768
O 9.750400185 9.118989829 9.550154551
O 9.805938714 12.720939037 9.551384290
O 12.797009379 18.794929421 3.568674107
O 13.713273590 18.699150936 1.071505200
O 16.029533718 18.702968247 13.042945839
O 18.174912901 18.513374283 1.254983487
O 17.907123063 18.889538347 3.835748939
O 15.391833174 18.794438803 3.040045668
O 12.705386581 3.229533956 3.290618067
O 13.716244527 3.138254460 0.892404212
O 16.011459268 2.690776942 12.943484414
O 18.253399111 3.511731489 1.257363056
O 17.810542664 3.033950422 3.910298446
O 15.376849711 3.225080978 2.945770055
O 13.911424719 1.033199882 2.504220915
O 18.350179078 1.068034341 2.159648747
O 11.480693136 17.324381414 5.263849528
O 11.680025899 0.008268588 5.807504787
O 12.156301448 2.676207560 5.807966945
O 16.309111798 17.237745184 4.987498024
O 16.121727715 19.820764589 5.453299394
O 15.756076135 2.576305440 5.535069800
O 0.199100930 19.158244591 2.931045083
O 0.172914654 2.845613545 2.951366522
O 17.250712419 1.191942403 10.176063164
O 16.316121711 1.204683650 7.751867471
O 13.992035844 0.908760434 6.525296593
O 11.860726080 1.472345265 8.034582315
O 12.134273254 0.920502443 10.617501227
O 14.643556562 1.106551099 9.807063050
O 17.501077526 16.672882396 9.813321210
O 16.219725322 16.761025508 7.582548680
O 13.910582157 17.051755028 6.251633661
O 11.838317996 16.484886068 7.785817848
O 12.234341539 16.763112658 10.352923210
O 14.821611815 16.666516884 9.816248932
O 16.127651379 18.880892063 9.192512231
O 11.601014992 18.893112140 8.826463576
O 18.644055413 2.582285150 11.868288999
O 18.262725685 19.905853862 12.398941602
O 18.071403853 17.223943779 12.404276402
O 13.632778888 2.760991092 11.683922796
O 14.001280026 0.189138930 12.235287266
O 13.905230541 17.415214744 12.229406169
O 9.804631418 0.828489241 9.634411186
O 9.825974860 17.130809967 9.542104770
O 7.223993739 8.663652282 9.901049086
O 6.393750933 8.762977836 12.376369174
O 3.971396240 8.755316079 -0.008412476
O 1.660095648 8.484816067 12.125900036
O 2.116507616 8.942008080 9.546240088
O 4.631915535 8.653958667 10.350121695
O 7.233863613 13.180245873 9.797597589
O 6.398875159 13.273297871 12.494901385
O 3.876502303 12.716523329 0.440377825
O 1.764550355 13.437648782 12.301676013
O 2.129689229 13.086940103 9.649067291
O 4.627919916 13.444717660 10.438424526
O 5.929566398 10.870819089 10.790366968
O 1.673390119 10.964433028 11.242997184
O 8.528939151 7.367026921 8.021940148
O 8.168785093 9.959370012 7.657796609
O 8.252666455 12.627306403 7.406415521
O 3.623934387 7.188603652 8.386001393
O 3.993033361 9.763598857 7.939582818
O 3.990200610 12.430909641 7.944204204
O 19.751603240 9.217640483 10.423229408
O 19.833537333 12.702171987 10.610638367
O 2.778805469 11.146271754 3.214300325
O 3.701898221 11.140686267 5.695825478
O 6.031388469 11.153802496 7.028553913
O 8.060359109 11.345925970 5.267725894
O 7.797440362 10.586444843 2.692520677
O 5.380864746 11.044878247 3.668919315
O 2.675964816 6.712445671 3.469597483
O 3.724713311 6.811431650 5.807976362
O 6.038555083 7.175059304 7.128125911
O 8.149023219 6.452150795 5.533790821
O 7.865589304 7.178662006 2.945157041
O 5.293984001 6.637034276 3.662006535
O 3.900721610 8.925701598 4.189738557
O 8.445184653 8.942202372 4.734637064
O 1.395189407 12.535614728 1.418566940
O 1.852031617 9.951700881 0.979220654
O 1.966057563 7.285306212 0.963497142
O 6.396367175 12.783336261 1.973285548
O 5.744797654 10.402695290 1.065737757
O 5.928340844 7.739373613 1.337234951
O 10.181986371 10.776416704 3.662259542
O 10.197893225 7.105559793 3.915086263
O 8.723712411 14.926443320 8.480154673
O 3.781137902 14.936820097 8.472420766
O 5.381905441 15.023517121 1.161483490
O 2.487436810 14.926811609 0.973298929
O 1.478984554 4.935753680 1.872332474
O 6.678910985 5.228983351 1.789495530
O 4.638265336 4.974189841 7.575844670
O 7.516008836 4.966947741 7.585968762
O 11.211047162 4.859620171 4.730269362
O 16.221229525 4.982156295 4.818395958
O 14.649707447 4.972881145 12.580202673
O 17.619454124 5.060063078 12.314160714
O 18.724894060 14.935452624 11.421663896
O 13.721054407 14.941672156 11.585149434
O 15.488032655 14.993097756 5.625115413
O 12.419828117 14.918015783 5.717322070
O 9.063289845 4.886895036 -12.216045071
Al 6.375306630 3.509171052 2.427369327
Al 12.416636293 8.668799103 6.366749657
Al 15.464950429 13.184680887 6.198180260
Al 5.530377546 13.232283775 0.541299047
H -14.210969963 -4.899553899 2.044184996
H 15.965444393 14.950976543 4.767593297
H 12.951226655 8.238255897 8.546415001
H 7.733453189 5.156708190 1.381055167
H 10.859259575 5.115425509 -13.211795681
H 9.416106950 5.765054860 -14.031731055
H 10.314265666 3.729721826 -15.173923389
H 8.661182606 3.470583076 -14.617365060
H 9.477683471 2.121100817 -12.665062193
H 11.167522646 2.521246085 -13.064725445
H 10.211835140 1.493300766 -14.146343651
H 9.210949250 4.049626873 -11.723715252
C 9.814733745 4.903876387 -13.481627247
C 9.695224731 3.606302979 -14.270335572
C 10.164599808 2.370911489 -13.487121644
