307
(E)
Si 8.364077618 1.078193538 8.837788968
Si 5.951534333 0.436935546 10.851100408
Si 5.413023063 1.274502470 0.387463053
Si 2.262395405 1.261408970 0.128321136
Si 1.312928250 0.520285035 10.730796014
Si 3.594247140 1.203419171 8.965222256
Si 8.463576852 16.426228277 9.007326121
Si 6.131231058 17.109267465 10.955966126
Si 5.404117988 16.593583708 0.529672735
Si 2.379074097 16.449083819 0.428754681
Si 1.417001362 17.323673152 10.963727001
Si 3.672787423 16.455497109 9.054660862
Si 1.535603774 18.847626629 2.040029982
Si 3.941467558 19.407371592 4.089059141
Si 4.337350344 18.788539610 6.976543990
Si 7.547712129 18.597212286 6.931178868
Si 8.614401509 19.406865477 4.215191035
Si 6.355329997 18.803315029 2.349479088
Si 1.552185437 3.371204138 2.349815054
Si 3.908344696 2.730409251 4.377627378
Si 4.576016939 3.394348876 7.227881552
Si 7.630422000 3.453728401 7.101139896
Si 8.607575644 2.577974052 4.285526563
Si 11.496662312 11.096490668 4.580500676
Si 13.903140800 10.448477284 2.606252791
Si 14.420021955 11.180880133 13.061181774
Si 17.624354138 11.283088853 13.186151301
Si 18.667198376 10.391268845 2.537105855
Si 16.405645347 11.098542951 4.370660968
Si 11.536111549 6.422505812 4.381844491
Si 13.860177806 7.230898103 2.448136757
Si 14.574520019 6.542032626 12.917497264
Si 17.630475766 6.629735560 12.994554159
Si 18.681820858 7.300185147 2.414251815
Si 16.332670061 6.510865916 4.265110865
Si 18.410270101 8.924217323 11.236413842
Si 16.019048218 9.359843912 9.254550883
Si 15.668166272 8.797553430 6.367373882
Si 11.297934777 9.476980438 9.362064167
Si 13.619416968 8.783840914 11.115945230
Si 18.476632922 13.373860627 11.162954879
Si 16.155226107 12.595739445 9.142182512
Si 12.347226328 13.363538658 6.256390997
Si 11.335112290 12.569328811 9.114495447
Si 13.684353615 13.407930469 10.993642738
Si 11.553211359 18.815532930 4.610657563
Si 13.930408597 19.320946155 2.548340658
Si 14.416102612 18.748308823 12.995406518
Si 17.632348608 18.613773736 13.119683767
Si 18.683561266 19.396175561 2.527479015
Si 16.390943508 18.714723437 4.315509711
Si 11.539004889 3.330860989 4.419701893
Si 13.891116845 2.650178541 2.421124651
Si 14.554130442 3.367736036 12.892228239
Si 18.640759663 2.627482999 2.529268451
Si 16.290446937 3.466285034 4.282370758
Si 18.471545321 1.124944163 11.219421713
Si 16.077205275 0.604386135 9.243189788
Si 15.573290127 1.176071006 6.311812576
Si 12.414281228 1.267884275 6.523924248
Si 11.321316211 0.531530149 9.261772895
Si 13.634669391 1.255378017 11.088431885
Si 18.519939852 16.486239761 11.054906748
Si 16.164910513 17.265547921 9.130939689
Si 15.453274759 16.567842849 6.181570180
Si 12.381955472 16.431755160 6.258744995
Si 11.372584847 17.312726271 9.101727251
Si 13.691744413 16.453519999 10.961531621
Si 8.358111584 8.846248126 8.758275263
Si 6.060856684 9.304405206 10.899904989
Si 5.476384009 8.966672281 0.383498666
Si 2.356924176 8.645844132 0.173283494
Si 1.280318809 9.421302933 10.830948307
Si 3.671506152 8.671260850 9.116125187
Si 8.474150108 13.367245590 8.856752423
Si 2.417310104 13.367053483 0.435824159
Si 1.371513354 12.544203124 11.003012534
Si 3.582422662 13.453628882 9.082983722
Si 1.581987366 11.077231670 2.118023386
Si 3.906789612 10.540941989 4.193457036
Si 4.439387396 11.091558960 7.136897076
Si 7.639294026 11.281160615 6.820438519
Si 8.644181280 10.416452024 4.052976618
Si 6.316683775 11.217613065 2.362341498
Si 1.593150294 6.469137605 2.303286958
Si 3.844591841 7.318432459 4.363455323
Si 4.528240673 6.533021535 7.210744942
Si 7.577993523 6.493326736 7.039165864
Si 8.662238025 7.352643663 4.257075563
Si 6.208007117 6.687165128 2.573468068
Si 17.631000011 3.288696967 13.056817746
Si 6.238194210 12.559760194 11.030021119
O 7.133929668 1.019360961 9.899838059
O 6.134368029 1.187709297 12.283367257
O 3.838771035 0.930199063 0.161288325
O 1.756677549 1.478366519 11.973995664
O 2.040140258 1.013859720 9.366619191
O 4.466052061 0.736734377 10.263265544
O 7.427971208 16.482143440 10.257675300
O 6.127224397 16.574580471 12.485496057
O 3.887750713 17.130674374 0.360104182
O 1.760928108 16.488981290 12.311531027
O 2.227719446 16.675835923 9.721633255
O 4.796843100 16.485730165 10.252645537
O 6.119342716 18.715598128 10.892660556
O 1.765082349 18.895481717 11.150440927
O 8.440011515 2.574237464 8.214710939
O 8.241339752 19.881213713 7.655992659
O 7.864323745 17.240440531 7.747616726
O 3.907894348 2.744594601 8.572354747
O 3.893952140 0.277579706 7.670934399
O 3.895183135 17.499148785 7.855504044
O 19.761561331 0.638593669 10.355319530
O 19.903402471 17.134431980 10.525811158
O 2.870164356 18.979416790 2.947235216
O 3.608837503 18.700704080 5.526267820
O 5.945091377 18.798277496 6.864204025
O 8.162167005 18.423871706 5.440055265
O 7.878722388 18.976110557 2.838346795
O 5.385185776 18.789332987 3.652339769
O 2.594167417 3.224960735 3.565227720
O 3.619124899 3.039338303 5.967832516
O 6.109597808 2.854050896 6.962464629
O 8.429588435 3.406494334 5.696736517
O 7.867152934 3.222191572 3.028887427
O 5.194347030 3.495908364 3.848675451
O 4.074896984 1.107712514 4.193872484
O 8.166807902 1.019022021 4.631935659
O 1.474408796 17.328268483 1.439763463
O 1.482164691 -0.005363564 0.794605960
O 1.952635396 2.591831357 0.981160263
O 6.303640972 17.332462767 1.626584076
O 5.940940998 19.896449346 1.250713185
O 5.747281442 2.667946858 1.068872808
O 10.182585664 19.167871582 3.833460882
O 10.205003148 2.563820877 3.928910771
O 12.786730027 11.059749999 3.579209762
O 13.727864835 11.147040534 1.144040641
O 16.033170268 11.064864075 13.038606782
O 18.080407687 11.332612903 1.348599343
O 17.902717017 10.681633698 3.922062120
O 15.402083747 10.762801455 3.125143398
O 12.683462907 6.450246549 3.217757857
O 13.724710132 6.811844776 0.882157427
O 16.103550031 7.175240953 13.034281896
O 18.263903163 6.446880255 1.073020999
O 17.805637155 6.807867662 3.666135754
O 15.293353868 6.732061310 3.028828403
O 13.713318973 8.838904868 2.504916973
O 18.437939026 8.853730983 2.043818686
O 11.392514699 12.615267161 5.173522966
O 11.577644590 10.051129481 5.795936284
O 11.958727984 7.177139117 5.712357037
O 16.299437812 12.647902476 4.756305127
O 16.127666032 10.218079458 5.714264419
O 16.127072005 7.480172859 5.532204969
O 0.197321708 10.686680496 2.862544213
O 0.194934852 7.090654016 2.854399634
O 17.057877015 8.762213558 10.355848445
O 16.395256771 8.661253656 7.843694105
O 14.090739619 8.842743400 6.520721104
O 12.050609755 8.470649299 8.203510640
O 12.054235542 9.023470694 10.717285363
O 14.473698811 8.934940502 9.717289806
O 17.424815720 13.089154159 9.998383283
O 16.312434031 13.172459953 7.670339048
O 13.809722010 12.711130945 6.335518309
O 11.675493774 13.366614408 7.754577302
O 12.237764294 13.079918536 10.354339787
O 14.826896157 13.169616693 9.887232319
O 16.122781088 10.962935917 9.191748820
O 11.592160748 10.965903894 8.838986182
O 18.548094354 7.456253923 11.961687378
O 18.351578960 10.047731657 12.404564777
O 18.069289073 12.712284186 12.583291005
O 13.808770918 7.276584665 11.681015514
O 13.994290968 9.854833501 12.230914141
O 13.906082994 12.519257251 12.324748237
O 9.758900221 9.113880242 9.555633327
O 9.814425871 12.796722586 9.618461883
O 12.793512119 18.794226217 3.569881410
O 13.712336494 18.696401440 1.073587673
O 16.026728166 18.705375580 13.040321495
O 18.176457018 18.513569572 1.257138978
O 17.907874140 18.878953575 3.843258650
O 15.391476696 18.794041561 3.040702506
O 12.612424514 3.226155317 3.213224834
O 13.717382882 3.138482097 0.889516567
O 16.011986328 2.692009974 12.942686398
O 18.258517253 3.503881177 1.247764079
O 17.803007772 3.125247544 3.840271150
O 15.289825633 3.227688263 3.022909658
O 13.908422942 1.030232053 2.504128422
O 18.338638392 1.045629510 2.223337676
O 11.479000615 17.325883962 5.262750707
O 11.679546584 0.007941023 5.806997683
O 12.144366546 2.677450954 5.787552565
O 16.307320022 17.229421903 4.989033168
O 16.120915219 19.816047821 5.452842358
O 15.841010400 2.568183897 5.547787104
O 0.216410124 19.147985246 2.935127420
O 0.178819915 2.760858760 2.947356233
O 17.236474334 1.195252893 10.175100074
O 16.314379160 1.202549290 7.754773006
O 13.992341453 0.918894227 6.520201270
O 11.852507049 1.470215642 8.038377140
O 12.120995103 0.920339607 10.616040180
O 14.636101745 1.102269598 9.812517490
O 17.500807109 16.672151406 9.812049457
O 16.219248408 16.757579591 7.579023766
O 13.914051874 17.047192145 6.249878060
O 11.841325342 16.486129936 7.783366284
O 12.231794060 16.766287158 10.351549791
O 14.824907250 16.669737355 9.812350276
O 16.127591236 18.879837642 9.192389594
O 11.600960621 18.892701616 8.825965999
O 18.645234754 2.579343181 11.865472382
O 18.264036525 19.908515227 12.398360400
O 18.069097817 17.230597057 12.408376744
O 13.631188429 2.766544926 11.680342574
O 13.999912799 0.258542195 12.311167999
O 13.905434025 17.423796153 12.226583042
O 9.745662619 0.751415868 9.640555192
O 9.824422212 17.131845871 9.539971295
O 7.222689995 8.752905884 9.896906802
O 6.392854076 8.743060585 12.417213974
O 3.934972036 8.839909115 -0.099497643
O 1.573331081 8.482490500 12.133013829
O 2.130697413 8.936285521 9.546753007
O 4.629454259 8.665316488 10.430046335
O 7.230312842 13.175847030 9.800277989
O 6.396198376 13.357826004 12.500584765
O 3.877224882 12.717152302 0.438372449
O 1.765607931 13.438071164 12.302564967
O 2.127865172 13.083002156 9.650852443
O 4.626213477 13.448550217 10.434560443
O 5.929164204 10.885201617 10.882131813
O 1.671320764 10.958955484 11.241564761
O 8.527766317 7.458717680 7.936671283
O 8.249821707 10.037896431 7.670119744
O 8.256287011 12.646574145 7.410739663
O 3.790119798 7.189251401 8.483762845
O 4.001083496 9.763177089 7.948081364
O 3.995463241 12.428436773 7.944254875
O 19.741449293 9.215808816 10.352904425
O 19.839881176 12.709021871 10.616330417
O 2.775782511 11.152570426 3.211697297
O 3.698072463 11.141932479 5.696229579
O 6.032717498 11.149311775 6.956659078
O 8.066031795 11.338296233 5.259264440
O 7.789278605 10.593815177 2.678831129
O 5.378004615 10.952075654 3.668297769
O 2.686569061 6.626920799 3.478724595
O 3.618551349 6.896567607 5.908985245
O 6.053645442 7.104412510 7.041526571
O 8.167126828 6.447184481 5.519873345
O 7.773316100 6.999714971 2.941931619
O 5.297309673 6.734677154 3.920674174
O 3.793118741 8.925301796 4.191707429
O 8.445388731 8.911851220 4.644313645
O 1.394740697 12.536286848 1.417345279
O 1.848423007 9.950369198 0.980681344
O 2.047190651 7.276526363 0.976006010
O 6.309755774 12.788787041 2.044578607
O 5.753305730 10.444080221 1.008530591
O 5.747615469 7.833387118 1.510874755
O 10.181966234 10.777049067 3.658797326
O 10.185461378 7.094123459 3.748371710
O 8.722618691 14.932725098 8.477636028
O 3.707205829 14.938398301 8.463067033
O 5.382465979 15.028655785 1.168041911
O 2.486287176 14.927526173 0.972745475
O 1.390326885 4.920667288 1.880116314
O 6.204262491 5.249577543 1.869962433
O 4.628631672 4.968627232 7.569798009
O 7.603251537 4.984558388 7.666459045
O 11.212985290 4.876370825 4.732931707
O 16.216108877 4.992419371 4.818770786
O 14.650647746 4.973336232 12.578775349
O 17.619721562 5.060881286 12.313504690
O 18.645545836 14.940373640 11.495787979
O 13.725345877 14.937542033 11.515348662
O 15.492317283 14.953898468 5.628078868
O 12.419562073 14.917706817 5.717518239
O 8.799511663 6.160281043 -16.231032962
O 8.620076220 3.397311947 11.508002431
Al 6.244058773 3.587729866 2.478006475
Al 12.406468984 8.681206362 6.357961954
Al 15.462499340 13.150318196 6.188350305
Al 5.530705047 13.238672268 0.554505922
H -14.255289141 -4.898257830 2.070795410
H 15.922528052 14.919185602 4.745639641
H 12.961192504 8.258092326 8.530870377
H 8.596445012 5.202734815 -2.836484026
H 6.919107232 6.305152017 -13.856641436
H 7.221028725 4.473627399 -13.667614915
H 9.531279955 4.900709536 -12.977868881
H 8.111024813 5.622661354 -12.173265769
H 8.967752413 7.788804196 -12.363326488
H 9.262113222 7.615709116 -14.108008798
H 10.521707118 7.139131689 -12.913697795
H 9.732352987 6.186733120 -16.495324821
H 9.421087297 2.874753687 11.327008455
H 7.909950743 2.728456601 11.523761868
C 7.602692955 5.491984883 -13.602095030
C 8.877747071 5.765543148 -13.118680740
C 9.447520534 7.163439020 -13.125520851
